5.60282066855
0.622828863083
0.53761450596
0.510699163468
0.482411178072
0.457614158055
0.433727396625
0.410422367901
0.389875661901
0.370055779016
0.353846048371
0.337877189539
0.322618813186
0.304358943656
0.29068405857
0.276002796222
0.262571121643
0.248641306386
0.236632310641
0.22508541105
0.217668148226
0.207353949328
0.198038090959
0.189453424375
0.17971077453
0.172281898582
0.165430017561
0.159059582935
0.151965437447
0.146384730259
0.140685042081
0.135270021357
0.130083007564
0.124851504819
0.120137505054
0.11564572148
0.110965545686
0.106992882416
0.102858609994
0.0987005483419
0.0952116918726
0.092101916307
0.0891340781528
0.0858035254859
0.0820191624805
0.0786810958377
0.0765374408202
0.0744153681563
0.0722018011967
0.0701310456592
0.0680672950635
0.0661820542514
0.0638650009342
0.0622170137187
0.0607688919575
0.059094391458
0.057716879182
0.056175814843
0.0546650745516
0.0532311157872
0.0514635679008
0.0502465181335
0.0489758260374
0.0475505370207
0.0463347054959
0.045319801342
0.0439294893796
0.0429478727477
0.0418611076088
0.0406365035487
0.0395978484067
0.0385117233835
0.0372970349199
0.0361217119125
0.0351358945625
0.0341717104533
0.032885249918
0.0321527926481
0.0310492329186
0.0304650645948
0.0305193693995
0.0284014143237
0.027397894893
0.0267535992396
0.0258276433926
0.0247563774635
0.0240886319308
0.0232210841328
0.0226736093077
0.0219888915518
0.0212825559169
0.0205833676513
0.0206122531543
0.0196171387771
0.0193264817612
0.018519481844
0.0182104182245
0.0178011738657
0.0189494952904
0.0177222278406
0.0173622059982
0.0180939224722
0.0170970055279
0.0164976166817
0.0157526482923
0.0155264184447
0.0153477950806
0.0151482515691
0.0147675979677
0.0144037995309
0.0138153731976
0.0152265957293
0.0141206160357
0.0137470668079
0.0129451476179
0.0122834369699
0.0119496282927
0.0122676163733
0.0123463875975
0.011721009312
0.0109274639253
0.0112434672134
0.0107647962762
0.0106927011881
0.0107023062572
0.0102107613874
0.009845396969
0.0103775325282
0.00945796105493
0.00993075681245
0.00963182032168
0.00888472821058
0.00896252517755
0.00924225991694
0.0100332127073
0.0096614959442
0.0111784437796
1.39289530579
0.0
